time_sec,value
95.906845,10.721248
96.033874,10.851202
96.160903,10.851202
96.287932,10.981157
96.414961,10.981157
96.541990,10.981157
96.669019,10.981157
96.796048,10.981157
96.923077,10.981157
97.050106,10.981157
97.177135,10.981157
97.304164,10.981157
97.431193,10.981157
97.558222,10.981157
97.685251,10.981157
97.812279,10.981157
97.939308,10.981157
98.066337,10.981157
98.193366,10.981157
98.320395,10.981157
98.447424,10.981157
98.574453,10.981157
98.701482,10.981157
98.828511,10.981157
98.955540,10.981157
99.082569,10.981157
99.209598,10.981157
99.336627,10.981157
99.463656,10.981157
99.590685,10.981157
99.717713,10.981157
99.844742,10.981157
99.971771,10.981157
100.098800,10.981157
100.225829,10.981157
100.352858,10.981157
100.479887,10.981157
100.606916,10.981157
100.733945,10.981157
100.860974,10.981157
100.988003,10.981157
101.115032,10.981157
101.242061,10.981157
101.369090,10.981157
101.496119,10.981157
101.623147,10.981157
101.750176,10.981157
101.877205,10.981157
102.004234,10.981157
102.131263,10.981157
102.258292,10.981157
102.385321,10.981157
102.512350,10.981157
102.639379,10.981157
102.766408,10.981157
102.893437,10.981157
103.020466,10.981157
103.147495,10.981157
103.274524,10.981157
103.401553,10.981157
103.528582,10.981157
103.655610,10.981157
103.782639,10.981157
103.909668,10.981157
104.036697,10.981157
104.163726,10.981157
104.290755,10.981157
104.417784,10.981157
104.544813,10.981157
104.671842,10.981157
104.798871,10.981157
104.925900,10.981157
105.052929,10.981157
105.179958,10.981157
105.306987,10.981157
105.434016,10.981157
105.561044,10.981157
105.688073,10.981157
105.815102,10.981157
105.942131,10.981157
106.069160,10.981157
106.196189,10.981157
106.323218,10.981157
106.450247,10.981157
106.577276,10.981157
106.704305,10.981157
106.831334,10.981157
106.958363,10.981157
107.085392,10.981157
107.212421,10.981157
107.339450,10.981157
107.466478,10.981157
107.593507,10.981157
107.720536,10.981157
107.847565,10.981157
107.974594,10.981157
108.101623,10.981157
108.228652,10.981157
108.355681,10.981157
108.482710,10.981157
108.609739,10.981157
108.736768,10.981157
108.863797,10.981157
108.990826,10.981157
109.117855,10.981157
113.182781,10.981157
113.309809,10.981157
113.436838,10.981157
113.563867,10.981157
113.690896,10.981157
113.817925,10.981157
113.944954,10.981157
114.071983,10.981157
114.199012,10.981157
114.326041,10.981157
114.453070,10.981157
114.580099,10.981157
114.707128,10.981157
114.834157,10.981157
114.961186,10.981157
115.088215,10.981157
115.215243,10.981157
115.342272,10.981157
115.469301,10.981157
115.596330,10.981157
115.723359,10.981157
115.850388,10.981157
115.977417,10.981157
116.104446,10.981157
116.231475,10.981157
116.358504,10.981157
116.485533,10.981157
116.612562,10.981157
116.739591,10.916179
206.549047,16.049383
206.676076,16.049383
206.803105,16.049383
206.930134,16.049383
207.057163,18.388564
207.184192,18.388564
207.311221,18.388564
207.438250,23.066927
207.565279,23.066927
207.692308,25.276153
207.819337,25.276153
207.946366,26.965562
208.073394,26.965562
208.200423,27.745289
208.327452,28.460039
208.454481,28.460039
208.581510,31.903834
208.708539,31.903834
208.835568,32.943470
208.962597,32.943470
209.089626,34.372969
209.216655,34.372969
209.343684,34.372969
209.470713,34.372969
209.597742,34.372969
209.724771,34.372969
209.851800,36.322287
209.978829,36.322287
210.105857,36.712151
210.232886,36.712151
210.359915,36.777128
210.486944,36.972060
210.613973,37.037037
210.741002,37.037037
210.868031,37.037037
210.995060,38.011696
211.122089,38.011696
211.249118,38.011696
211.376147,38.011696
211.503176,39.246264
211.630205,39.246264
211.757234,39.246264
211.884263,39.246264
212.011291,39.246264
212.138320,39.246264
212.265349,39.246264
212.392378,39.246264
214.043754,41.780377
214.170783,41.780377
214.297812,41.780377
214.424841,41.780377
214.551870,41.780377
214.678899,41.780377
214.805928,41.780377
214.932957,41.780377
215.059986,41.780377
215.187015,41.780377
215.314044,41.780377
215.441073,41.780377
215.568102,41.780377
215.695131,41.780377
215.822159,41.780377
215.949188,41.780377
216.076217,42.040286
216.203246,42.040286
216.330275,42.430149
216.457304,42.430149
216.584333,42.690058
216.711362,42.690058
216.838391,42.690058
216.965420,42.690058
217.092449,42.690058
217.219478,42.690058
217.346507,42.690058
217.473536,42.690058
217.600565,42.430149
217.727594,42.430149
217.854622,42.170240
217.981651,42.170240
218.108680,42.170240
218.235709,42.170240
218.362738,42.820013
218.489767,42.820013
218.616796,42.820013
218.743825,42.820013
218.870854,42.820013
218.997883,42.820013
219.124912,43.599740
219.251941,43.599740
219.378970,43.729695
219.505999,43.729695
219.633028,43.729695
219.760056,43.729695
219.887085,43.729695
220.014114,43.729695
220.141143,43.729695
220.268172,43.729695
220.395201,43.599740
220.522230,43.599740
220.649259,42.560104
220.776288,42.560104
220.903317,42.430149
221.030346,42.430149
221.157375,42.820013
221.284404,42.820013
221.411433,42.820013
221.538462,42.820013
221.665490,42.820013
221.792519,42.820013
221.919548,42.820013
222.046577,42.820013
222.173606,42.820013
222.300635,42.820013
222.427664,42.820013
222.554693,42.820013
222.681722,42.430149
222.808751,42.430149
222.935780,42.040286
223.062809,42.040286
223.189838,42.040286
223.316867,42.040286
223.443896,42.040286
223.570924,42.040286
223.697953,42.040286
223.824982,42.040286
223.952011,42.040286
224.079040,42.040286
224.206069,42.040286
224.333098,42.040286
224.460127,41.910331
224.587156,41.910331
224.714185,41.910331
228.779111,42.430149
228.906140,42.430149
229.033169,42.430149
229.160198,42.430149
229.287227,42.430149
229.414255,42.430149
229.541284,42.430149
229.668313,42.430149
229.795342,43.339831
229.922371,43.339831
230.049400,43.599740
230.176429,43.599740
230.303458,43.599740
230.430487,43.599740
230.557516,43.599740
230.684545,43.599740
230.811574,43.599740
230.938603,43.599740
231.065632,43.599740
231.192661,43.599740
231.319689,43.209877
231.446718,43.209877
231.573747,42.820013
231.700776,42.820013
231.827805,42.820013
231.954834,42.820013
232.081863,43.079922
232.208892,43.079922
232.335921,43.859649
232.462950,43.859649
232.589979,43.989604
232.717008,43.989604
232.844037,44.379467
232.971066,44.379467
233.098095,44.769331
233.225124,44.769331
233.352152,44.769331
233.479181,44.769331
233.606210,44.769331
233.733239,44.769331
233.860268,44.769331
233.987297,44.769331
234.114326,44.769331
234.241355,44.769331
234.368384,45.159194
234.495413,45.159194
234.622442,45.419103
234.749471,45.419103
234.876500,45.419103
235.003529,45.419103
235.130558,45.743990
235.257586,45.938921
235.384615,46.003899
235.511644,46.003899
235.638673,46.003899
235.765702,46.003899
235.892731,46.003899
236.019760,46.003899
236.146789,46.003899
236.273818,47.758285
236.400847,47.758285
236.527876,47.888239
236.654905,47.888239
236.781934,47.888239
236.908963,47.888239
237.035992,47.888239
237.163020,47.888239
237.290049,47.888239
237.417078,47.888239
237.544107,47.888239
237.671136,47.888239
237.798165,47.888239
237.925194,47.888239
238.052223,48.148148
238.179252,48.148148
238.306281,48.538012
238.433310,48.538012
238.560339,48.797921
238.687368,48.797921
238.814397,48.797921
238.941426,48.797921
239.068454,48.797921
239.195483,48.797921
239.322512,48.797921
239.449541,48.797921
239.576570,48.797921
239.703599,48.797921
239.830628,48.408057
239.957657,48.408057
240.084686,48.278103
240.211715,48.278103
240.338744,48.278103
240.465773,48.278103
240.592802,48.278103
240.719831,48.278103
240.846860,48.278103
240.973888,48.278103
241.100917,48.278103
241.227946,48.278103
241.354975,48.278103
241.482004,48.278103
241.609033,48.278103
241.736062,48.278103
241.863091,48.148148
241.990120,48.148148
242.117149,47.368421
242.244178,47.368421
242.371207,47.368421
242.498236,47.368421
242.625265,47.368421
242.752294,47.368421
242.879323,47.888239
243.006351,47.888239
243.133380,47.888239
243.260409,47.888239
243.387438,47.888239
243.514467,47.888239
243.641496,47.888239
243.768525,47.888239
243.895554,47.888239
244.022583,47.888239
244.149612,47.888239
244.276641,47.888239
244.403670,47.888239
244.530699,47.888239
244.657728,47.888239
244.784757,47.888239
244.911785,47.888239
245.038814,47.888239
245.165843,47.888239
245.292872,47.888239
245.419901,47.888239
245.546930,47.888239
245.673959,47.888239
245.800988,47.888239
245.928017,47.888239
246.055046,47.888239
246.182075,47.628330
246.309104,47.628330
246.436133,47.108512
246.563162,47.108512
246.690191,47.108512
246.817219,47.108512
246.944248,47.108512
247.071277,47.108512
247.198306,47.108512
247.325335,47.108512
247.452364,47.108512
247.579393,47.108512
247.706422,47.108512
247.833451,47.108512
247.960480,47.108512
248.087509,47.108512
248.214538,42.430149
248.341567,39.246264
248.468596,39.246264
248.595625,39.246264
248.722653,39.246264
248.849682,38.531514
248.976711,38.531514
249.103740,32.033788
249.230769,32.423652
249.357798,32.423652
249.484827,33.203379
249.611856,33.203379
249.738885,36.192333
249.865914,36.192333
249.992943,36.192333
250.119972,37.751787
250.247001,37.816764
250.374030,38.401559
250.501059,38.466537
250.628088,38.466537
250.755116,38.466537
250.882145,38.466537
251.009174,38.466537
251.136203,38.466537
251.263232,38.466537
252.406493,42.430149
252.533522,42.430149
252.660550,42.755036
252.787579,42.755036
252.914608,43.599740
253.041637,43.599740
253.168666,44.379467
253.295695,44.379467
253.422724,44.379467
253.549753,44.379467
253.676782,44.379467
253.803811,44.379467
253.930840,44.379467
254.057869,44.379467
254.184898,44.314490
254.311927,44.249513
254.693013,44.379467
254.820042,44.379467
254.947071,44.769331
255.074100,44.769331
255.201129,44.769331
255.328158,44.769331
255.455187,44.769331
255.582216,44.769331
255.709245,44.769331
255.836274,44.769331
255.963303,44.769331
256.090332,44.769331
256.217361,44.769331
256.344390,44.769331
256.471418,44.769331
256.598447,44.769331
256.725476,44.769331
256.852505,44.769331
256.979534,44.769331
257.106563,44.769331
257.233592,43.924626
257.360621,43.859649
257.741708,44.769331
257.868737,44.769331
257.995766,44.834308
258.122795,44.834308
258.249824,44.834308
258.376853,44.834308
258.503881,44.834308
258.630910,44.834308
258.757939,44.834308
258.884968,44.769331
259.011997,44.184535
259.139026,44.119558
259.266055,44.119558
259.393084,44.119558
259.520113,44.054581
259.647142,43.989604
259.774171,44.379467
259.901200,44.379467
260.028229,44.769331
260.155258,44.769331
260.282287,44.769331
260.409315,44.769331
260.536344,44.769331
260.663373,44.769331
260.790402,44.769331
260.917431,44.769331
261.044460,44.769331
261.171489,44.769331
261.298518,44.769331
261.425547,44.769331
261.552576,44.314490
261.679605,44.249513
261.806634,43.664717
261.933663,43.599740
262.060692,43.729695
262.187721,43.729695
262.314749,43.729695
262.441778,43.729695
262.568807,43.729695
262.695836,43.729695
262.822865,44.639376
262.949894,44.639376
263.076923,44.769331
263.203952,44.769331
263.330981,44.769331
263.458010,44.769331
263.585039,44.769331
263.712068,44.769331
263.839097,44.769331
263.966126,44.769331
264.093155,44.574399
264.220183,44.509422
264.347212,44.639376
264.474241,44.639376
264.601270,44.769331
264.728299,44.769331
264.855328,44.769331
264.982357,44.769331
265.109386,44.769331
265.236415,44.769331
265.363444,45.549058
265.490473,45.549058
265.617502,45.614035
265.744531,45.808967
265.871560,45.873944
265.998589,45.938921
266.125618,45.938921
266.252646,45.938921
266.379675,45.938921
266.506704,45.938921
266.633733,45.938921
266.760762,45.938921
266.887791,45.938921
267.014820,45.549058
267.141849,45.549058
267.268878,45.289149
267.395907,45.614035
267.522936,45.938921
267.649965,45.938921
267.776994,45.938921
267.904023,45.938921
268.031052,45.938921
268.158080,45.938921
268.285109,45.938921
268.412138,45.938921
268.539167,45.938921
268.666196,45.938921
268.793225,45.679012
268.920254,45.679012
269.047283,45.289149
269.174312,44.834308
269.301341,44.769331
269.428370,44.899285
269.555399,44.899285
269.682428,44.899285
269.809457,44.899285
269.936486,44.899285
270.063514,44.899285
270.190543,44.899285
270.317572,44.899285
270.444601,44.834308
270.571630,44.769331
270.698659,44.184535
270.825688,44.119558
270.952717,44.054581
271.079746,43.989604
271.206775,44.119558
271.333804,44.119558
271.460833,44.769331
271.587862,44.769331
271.714891,45.159194
271.841920,45.159194
271.968948,45.614035
272.095977,45.808967
272.223006,45.873944
272.350035,46.588694
272.477064,46.588694
272.604093,46.588694
272.731122,46.588694
272.858151,46.588694
272.985180,46.588694
273.112209,46.588694
273.239238,46.588694
273.366267,46.328785
273.493296,46.328785
273.620325,43.274854
273.747354,36.127355
273.874382,36.127355
274.001411,36.127355
274.128440,36.127355
274.255469,38.206628
274.382498,38.206628
274.509527,39.246264
274.636556,39.246264
274.763585,39.246264
274.890614,39.246264
275.017643,42.040286
275.144672,42.105263
275.271701,42.755036
275.398730,42.755036
275.525759,43.989604
275.652788,44.054581
275.779817,44.769331
275.906845,44.834308
276.033874,45.549058
276.160903,45.614035
276.287932,45.614035
276.414961,45.873944
276.541990,45.873944
276.669019,46.133853
276.796048,46.133853
276.923077,46.133853
277.050106,46.133853
277.177135,46.133853
277.304164,46.133853
277.431193,47.173489
277.558222,47.173489
277.685251,47.953216
277.812279,47.953216
277.939308,48.213125
278.066337,48.213125
278.193366,48.473034
278.320395,48.473034
278.447424,48.473034
278.574453,48.473034
278.701482,48.473034
278.828511,48.473034
278.955540,48.473034
279.082569,48.473034
279.209598,48.473034
279.336627,48.473034
279.463656,48.473034
279.590685,48.473034
279.717713,49.122807
279.844742,49.122807
279.971771,49.122807
280.098800,49.122807
280.225829,49.122807
280.352858,49.122807
280.479887,49.122807
280.606916,49.057830
284.671842,45.614035
284.798871,45.614035
284.925900,45.614035
285.052929,45.873944
285.179958,45.873944
285.306987,46.003899
285.434016,46.003899
285.561044,46.003899
285.688073,46.003899
285.815102,46.003899
285.942131,46.003899
286.069160,46.003899
286.196189,46.003899
286.323218,46.133853
286.450247,46.133853
286.577276,47.043535
286.704305,47.043535
286.831334,47.953216
286.958363,47.953216
287.085392,48.213125
287.212421,48.213125
287.339450,48.473034
287.466478,48.473034
287.593507,48.602989
287.720536,48.602989
287.847565,48.602989
287.974594,48.602989
288.101623,48.602989
288.228652,48.602989
288.355681,48.602989
288.482710,48.538012
288.609739,47.043535
288.736768,46.978558
288.863797,46.523717
288.990826,46.523717
289.117855,46.783626
289.244884,46.783626
289.371912,46.913580
289.498941,46.913580
289.625970,46.913580
289.752999,46.913580
289.880028,46.913580
290.007057,46.913580
290.134086,46.913580
290.261115,46.848603
290.388144,46.783626
290.515173,46.718648
290.642202,46.523717
290.769231,46.458739
290.896260,46.133853
291.023289,46.133853
291.150318,46.133853
291.277347,46.068876
291.404375,45.743990
291.531404,44.964263
291.658433,44.964263
291.785462,44.964263
291.912491,44.964263
292.039520,44.964263
292.166549,46.393762
292.293578,46.393762
292.420607,47.173489
292.547636,47.173489
292.674665,47.953216
292.801694,47.953216
292.928723,48.083171
293.055752,48.083171
293.182781,48.992853
293.309809,48.992853
293.436838,49.122807
293.563867,49.122807
293.690896,49.122807
293.817925,49.122807
293.944954,49.122807
294.071983,49.122807
294.199012,49.122807
294.326041,49.122807
294.453070,49.122807
294.580099,49.122807
294.707128,49.122807
294.834157,49.122807
294.961186,49.122807
295.088215,49.122807
295.215243,49.122807
295.342272,49.122807
295.469301,49.382716
295.596330,49.382716
295.723359,49.382716
295.850388,49.382716
295.977417,49.382716
296.104446,49.382716
296.231475,49.382716
296.358504,49.382716
296.485533,49.382716
296.612562,49.382716
296.739591,49.382716
296.866620,49.382716
296.993649,48.862898
297.120677,48.862898
297.247706,48.862898
297.374735,48.862898
297.501764,49.382716
297.628793,49.382716
297.755822,49.382716
297.882851,49.382716
298.009880,49.382716
298.136909,49.382716
298.263938,49.382716
298.390967,49.382716
298.517996,49.382716
298.645025,49.382716
298.772054,49.382716
298.899083,49.382716
299.026112,49.382716
299.153140,49.382716
299.280169,49.122807
299.407198,49.122807
299.534227,49.122807
299.661256,49.122807
299.788285,49.122807
299.915314,49.122807
300.042343,49.252762
300.169372,49.252762
300.296401,49.252762
300.423430,49.252762
300.550459,49.252762
300.677488,49.252762
300.804517,49.252762
300.931546,49.252762
301.058574,48.862898
301.185603,48.862898
301.312632,48.732943
301.439661,48.732943
301.566690,48.473034
301.693719,48.473034
301.820748,48.473034
301.947777,48.473034
302.074806,48.473034
302.201835,48.473034
302.328864,48.473034
302.455893,48.473034
302.582922,48.473034
302.709951,48.473034
302.836980,48.473034
302.964008,48.473034
303.091037,48.473034
303.218066,48.473034
303.345095,48.473034
303.472124,48.473034
303.599153,48.473034
303.726182,48.473034
303.853211,48.473034
303.980240,48.473034
304.107269,48.473034
304.234298,48.473034
304.361327,48.473034
304.488356,48.473034
304.615385,48.473034
304.742414,48.473034
304.869442,48.473034
304.996471,48.473034
305.123500,48.343080
305.250529,48.343080
305.377558,48.083171
305.504587,48.083171
305.631616,47.563353
305.758645,47.563353
305.885674,47.173489
306.012703,47.173489
306.139732,47.953216
306.266761,47.953216
306.393790,48.602989
306.520819,48.602989
306.647848,49.122807
306.774876,49.122807
306.901905,49.122807
307.028934,49.122807
307.155963,49.122807
307.282992,49.122807
307.410021,49.122807
307.537050,49.122807
309.442484,49.382716
309.569513,49.382716
309.696542,49.382716
309.823571,49.382716
309.950600,49.382716
310.077629,49.382716
310.204658,49.382716
310.331687,49.382716
310.458716,48.083171
310.585745,48.083171
310.712773,46.913580
310.839802,46.848603
310.966831,46.783626
311.093860,46.783626
311.220889,46.783626
311.347918,46.783626
311.474947,47.043535
311.601976,47.043535
311.729005,47.433398
311.856034,47.433398
311.983063,47.563353
312.110092,47.563353
312.237121,48.083171
312.364150,48.083171
312.491179,48.862898
312.618207,48.862898
312.745236,49.122807
312.872265,49.122807
312.999294,49.122807
313.126323,49.122807
313.253352,49.122807
313.380381,49.122807
313.507410,49.122807
313.634439,49.122807
314.777699,51.981806
314.904728,51.981806
315.031757,52.241715
315.158786,52.241715
315.285815,52.241715
315.412844,52.241715
315.539873,52.241715
315.666902,52.241715
315.793931,52.241715
315.920960,52.241715
316.047989,51.851852
316.175018,51.851852
317.318278,52.111761
317.445307,52.111761
317.572336,52.501624
317.699365,52.501624
317.826394,52.891488
317.953423,52.891488
318.080452,52.891488
318.207481,52.891488
318.334510,52.891488
318.461538,52.891488
318.588567,52.891488
318.715596,52.891488
318.842625,52.631579
318.969654,52.631579
319.096683,52.631579
319.223712,52.631579
319.350741,52.891488
319.477770,52.891488
319.604799,53.216374
319.731828,53.281352
319.858857,53.736192
319.985886,53.801170
320.112915,54.256010
320.239944,54.320988
320.366972,54.645874
320.494001,54.710851
320.621030,54.710851
320.748059,55.100715
320.875088,55.100715
321.002117,55.230669
321.129146,55.230669
321.256175,55.360624
321.383204,55.360624
321.510233,55.360624
321.637262,55.360624
321.764291,55.360624
321.891320,55.360624
322.018349,55.360624
322.145378,55.360624
322.272406,55.360624
322.399435,55.360624
322.526464,55.360624
322.653493,55.360624
322.780522,55.360624
322.907551,55.360624
323.034580,55.360624
323.161609,55.360624
323.288638,55.360624
323.415667,55.360624
323.542696,55.360624
323.669725,55.295647
323.796754,55.100715
323.923783,55.035737
324.050812,54.840806
324.177841,42.495127
324.304869,36.517219
324.431898,33.528265
324.558927,33.528265
324.685956,31.189084
324.812985,31.189084
324.940014,25.341131
325.067043,24.301494
325.194072,24.301494
325.321101,24.301494
325.448130,24.301494
325.575159,27.225471
325.702188,28.330084
325.829217,28.330084
325.956246,28.330084
326.083275,28.330084
326.210303,31.448993
326.337332,31.448993
326.464361,33.398311
326.591390,33.398311
326.718419,34.307992
326.845448,34.307992
326.972477,34.567901
327.099506,34.567901
327.226535,35.867446
327.353564,35.867446
327.480593,36.387264
327.607622,36.517219
327.734651,36.517219
327.861680,36.777128
327.988709,36.777128
328.115737,37.556855
328.242766,37.556855
328.369795,39.116309
328.496824,39.116309
328.623853,39.246264
328.750882,39.246264
328.877911,39.246264
329.004940,39.246264
329.131969,39.246264
329.258998,39.246264
329.386027,39.246264
329.513056,39.246264
329.894143,41.845354
330.021171,41.845354
330.148200,41.845354
330.275229,41.845354
330.402258,41.845354
330.529287,41.845354
330.656316,41.845354
330.783345,41.845354
330.910374,41.845354
331.037403,41.845354
331.164432,42.105263
331.291461,42.105263
331.418490,42.235218
331.545519,42.235218
331.672548,42.625081
331.799577,42.625081
331.926606,42.884990
332.053634,42.884990
332.180663,42.884990
332.307692,42.884990
332.434721,42.884990
332.561750,42.884990
332.688779,42.884990
332.815808,42.884990
332.942837,42.625081
333.069866,42.625081
333.705011,41.715400
333.832040,41.715400
333.959068,41.845354
334.086097,41.845354
334.213126,42.495127
334.340155,42.495127
334.467184,43.144899
334.594213,43.144899
334.721242,43.794672
334.848271,43.794672
334.975300,44.444444
335.102329,44.444444
335.229358,44.444444
335.356387,44.444444
335.483416,44.444444
335.610445,44.444444
335.737474,44.444444
335.864502,44.444444
335.991531,44.444444
336.118560,44.444444
336.245589,44.314490
336.372618,44.314490
336.499647,44.834308
336.626676,44.834308
336.753705,45.549058
336.880734,45.614035
337.007763,45.614035
337.134792,45.614035
337.261821,45.614035
337.388850,45.614035
337.515879,45.614035
337.642908,45.614035
337.769936,45.614035
341.961891,47.173489
342.088920,47.173489
342.215949,47.433398
342.342978,47.433398
342.470007,47.823262
342.597036,47.823262
342.724065,47.953216
342.851094,47.953216
342.978123,47.953216
343.105152,47.953216
343.232181,47.953216
343.359210,47.953216
343.486239,47.953216
343.613267,47.953216
343.740296,47.823262
343.867325,47.823262
343.994354,46.393762
344.121383,46.393762
344.248412,46.523717
344.375441,46.523717
344.502470,47.043535
344.629499,47.043535
344.756528,47.563353
344.883557,47.563353
345.010586,48.213125
345.137615,48.213125
345.264644,48.602989
345.391673,48.602989
345.518701,48.992853
345.645730,48.992853
345.772759,49.122807
345.899788,49.122807
346.026817,49.122807
346.153846,49.122807
346.280875,49.122807
346.407904,49.122807
346.534933,49.122807
346.661962,49.122807
346.788991,48.732943
346.916020,48.732943
347.043049,47.173489
347.170078,47.173489
347.297107,47.563353
347.424135,47.563353
347.551164,47.823262
347.678193,47.823262
347.805222,48.083171
347.932251,48.083171
348.059280,48.602989
348.186309,48.602989
348.313338,48.992853
348.440367,48.992853
348.567396,48.992853
348.694425,48.992853
348.821454,48.992853
348.948483,48.992853
349.075512,48.992853
349.202541,48.992853
349.329570,48.862898
349.456598,48.862898
349.583627,48.473034
349.710656,48.473034
349.837685,48.473034
349.964714,48.473034
350.091743,49.122807
350.218772,49.122807
350.345801,49.122807
350.472830,49.122807
350.599859,49.122807
350.726888,49.122807
350.853917,49.122807
350.980946,49.122807
351.107975,49.122807
351.235004,49.122807
351.362032,49.122807
351.489061,49.122807
351.616090,49.122807
351.743119,49.122807
351.870148,49.122807
351.997177,49.122807
352.124206,49.122807
352.251235,49.122807
352.378264,48.732943
352.505293,48.732943
352.632322,48.213125
352.759351,48.213125
352.886380,48.083171
353.013409,48.083171
353.140438,48.992853
353.267466,48.992853
353.394495,48.992853
353.521524,48.992853
353.648553,48.992853
353.775582,48.992853
353.902611,48.992853
354.029640,48.992853
354.156669,48.732943
354.283698,48.732943
354.410727,48.473034
354.537756,48.473034
354.664785,48.343080
354.791814,48.343080
354.918843,48.213125
355.045872,48.213125
355.172900,47.823262
355.299929,47.823262
355.426958,47.823262
355.553987,47.823262
355.681016,48.213125
355.808045,48.213125
355.935074,48.862898
356.062103,48.862898
356.189132,48.862898
356.316161,48.862898
356.443190,48.862898
356.570219,48.862898
356.697248,48.862898
356.824277,48.862898
356.951306,48.862898
357.078335,48.862898
357.205363,48.602989
357.332392,48.602989
357.459421,47.823262
357.586450,47.823262
357.713479,47.693307
357.840508,47.693307
357.967537,47.823262
358.094566,47.823262
358.221595,47.953216
358.348624,47.953216
358.475653,48.213125
358.602682,48.213125
358.729711,48.602989
358.856740,48.602989
358.983769,48.732943
359.110797,48.732943
359.237826,48.992853
359.364855,48.992853
359.491884,48.992853
359.618913,48.992853
359.745942,48.992853
359.872971,48.992853
360.000000,48.992853
360.127029,48.992853
360.254058,48.602989
360.381087,48.602989
360.508116,47.823262
360.635145,47.823262
360.762174,47.823262
360.889203,47.823262
361.016231,47.953216
361.143260,47.953216
361.270289,47.953216
361.397318,47.953216
361.524347,47.953216
361.651376,47.953216
361.778405,47.953216
361.905434,47.953216
362.032463,47.953216
362.159492,47.953216
362.286521,47.693307
362.413550,47.693307
362.540579,47.043535
362.667608,47.043535
362.794637,47.043535
362.921665,47.043535
363.048694,47.173489
363.175723,47.173489
363.302752,47.433398
363.429781,47.433398
363.556810,47.823262
363.683839,47.823262
363.810868,47.953216
363.937897,47.953216
364.064926,47.953216
364.191955,47.953216
364.318984,47.953216
364.446013,47.953216
364.573042,47.953216
364.700071,47.953216
364.827100,47.953216
364.954128,47.953216
365.081157,47.953216
365.208186,47.953216
365.335215,47.173489
365.462244,47.173489
365.589273,46.653671
365.716302,46.653671
365.843331,46.783626
365.970360,46.783626
366.097389,46.913580
366.224418,46.913580
366.351447,47.173489
366.478476,47.173489
366.605505,47.563353
366.732534,47.563353
366.859562,47.823262
366.986591,47.823262
367.113620,47.823262
367.240649,47.823262
367.367678,47.823262
367.494707,47.823262
367.621736,47.823262
367.748765,47.823262
367.875794,47.823262
368.002823,47.823262
368.129852,47.043535
368.256881,47.043535
368.383910,47.173489
368.510939,47.173489
368.637968,47.563353
368.764996,47.563353
368.892025,47.823262
369.019054,47.823262
369.146083,47.953216
369.273112,47.953216
369.400141,47.953216
369.527170,47.953216
369.654199,47.953216
369.781228,47.953216
369.908257,47.953216
370.035286,47.953216
370.162315,47.823262
370.289344,47.823262
370.416373,47.693307
370.543402,47.693307
370.670430,47.043535
370.797459,47.043535
370.924488,47.043535
371.051517,47.043535
371.178546,47.563353
371.305575,47.563353
371.432604,47.953216
371.559633,47.953216
371.686662,48.213125
371.813691,48.213125
371.940720,48.862898
372.067749,48.862898
372.194778,48.862898
372.321807,48.862898
372.448836,48.862898
372.575865,48.862898
372.702893,48.862898
372.829922,48.862898
372.956951,48.862898
373.083980,48.862898
373.211009,48.602989
373.338038,48.602989
373.465067,48.083171
373.592096,48.083171
373.719125,48.083171
373.846154,48.083171
373.973183,48.992853
374.100212,48.992853
374.227241,48.992853
374.354270,48.992853
374.481299,48.992853
374.608327,48.992853
374.735356,49.122807
374.862385,49.122807
374.989414,49.122807
375.116443,49.122807
375.243472,49.122807
375.370501,49.122807
375.497530,49.122807
375.624559,49.122807
375.751588,48.732943
375.878617,48.732943
376.005646,48.602989
376.132675,48.602989
376.259704,48.732943
376.386733,48.732943
376.513761,49.382716
376.640790,49.382716
376.767819,49.382716
376.894848,49.382716
377.021877,49.382716
377.148906,49.382716
377.275935,49.382716
377.402964,49.382716
377.529993,49.382716
377.657022,49.382716
377.784051,49.382716
377.911080,49.382716
378.038109,48.732943
378.165138,48.732943
378.292167,48.732943
378.419195,48.732943
378.546224,48.992853
378.673253,48.992853
378.800282,48.992853
378.927311,48.992853
379.054340,48.992853
379.181369,48.992853
379.308398,48.992853
379.435427,48.992853
379.562456,48.732943
379.689485,48.732943
379.816514,48.602989
379.943543,48.602989
380.070572,48.343080
380.197601,48.343080
380.324629,48.343080
380.451658,48.343080
380.578687,48.083171
380.705716,48.083171
380.832745,47.693307
380.959774,47.693307
381.086803,42.884990
381.213832,39.246264
381.340861,39.246264
381.467890,41.975309
381.594919,41.975309
381.721948,42.884990
381.848977,42.884990
381.976006,44.704353
382.103035,44.704353
382.230064,45.484081
382.357092,45.484081
382.484121,45.484081
382.611150,45.484081
382.738179,45.484081
382.865208,46.393762
382.992237,46.458739
383.119266,47.823262
383.246295,47.823262
383.373324,48.602989
383.500353,48.602989
383.627382,49.382716
383.754411,49.382716
383.881440,49.382716
384.008469,49.382716
384.135498,49.382716
384.262526,49.382716
384.389555,49.382716
384.516584,49.382716
384.643613,49.382716
384.770642,49.382716
384.897671,49.382716
385.024700,49.382716
385.151729,48.732943
385.278758,48.732943
385.405787,49.382716
385.532816,49.382716
385.659845,49.382716
385.786874,49.382716
385.913903,49.382716
386.040932,49.382716
386.167960,49.382716
386.294989,49.382716
387.946366,51.851852
388.073394,51.851852
388.200423,52.111761
388.327452,52.111761
388.454481,52.891488
388.581510,52.891488
388.708539,52.891488
388.835568,52.891488
388.962597,52.891488
389.089626,52.891488
389.216655,52.891488
389.343684,52.891488
389.470713,52.501624
389.597742,52.501624
389.724771,52.501624
389.851800,52.501624
389.978829,52.891488
390.105857,52.891488
390.232886,52.891488
390.359915,52.891488
390.486944,52.891488
390.613973,52.891488
390.741002,52.891488
390.868031,52.891488
390.995060,52.891488
391.122089,52.891488
391.249118,52.891488
391.376147,52.891488
391.503176,52.891488
391.630205,52.891488
391.757234,52.891488
391.884263,52.891488
392.011291,52.891488
392.138320,52.891488
392.265349,52.891488
392.392378,52.891488
392.519407,52.761533
392.646436,52.761533
393.281581,52.631579
393.408610,52.631579
393.535639,53.021442
393.662668,53.021442
393.789697,53.281352
393.916725,53.281352
394.043754,53.671215
394.170783,53.671215
394.297812,53.931124
394.424841,53.931124
394.551870,54.061079
394.678899,54.061079
394.805928,54.775828
394.932957,55.230669
395.059986,55.295647
395.187015,56.010396
395.314044,56.010396
395.441073,56.660169
395.568102,56.660169
395.695131,57.050032
395.822159,57.050032
395.949188,57.179987
396.076217,57.179987
396.203246,57.179987
396.330275,57.179987
396.457304,57.179987
396.584333,57.179987
396.711362,57.179987
396.838391,57.179987
396.965420,57.179987
397.092449,57.179987
397.219478,57.179987
397.346507,57.179987
397.473536,57.179987
397.600565,57.179987
397.727594,56.400260
397.854622,56.400260
397.981651,56.400260
398.108680,56.400260
402.173606,21.897336
402.300635,21.897336
402.427664,21.897336
402.554693,21.897336
402.681722,21.897336
402.808751,21.897336
402.935780,21.897336
403.062809,17.738791
403.189838,15.919428
403.316867,15.919428
403.443896,14.749838
403.570924,14.749838
403.697953,14.359974
403.824982,14.359974
403.952011,11.890838
404.079040,11.890838
404.206069,11.630929
404.333098,11.630929
404.460127,11.371020
404.587156,11.371020
404.714185,11.111111
404.841214,11.111111
405.095272,8.252112
405.222301,8.252112
405.349330,8.252112
405.476359,8.252112
405.603387,8.252112
405.730416,8.252112
405.857445,8.252112
405.984474,8.252112
406.111503,8.252112
406.238532,8.252112
406.365561,8.252112
406.492590,8.252112
406.619619,8.252112
406.746648,8.252112
406.873677,8.252112
407.000706,8.252112
407.127735,8.252112
407.254764,8.252112
407.381793,7.732294
407.508821,7.732294
407.635850,7.732294
407.762879,7.732294
407.889908,7.342430
408.016937,7.342430
408.143966,7.082521
408.270995,7.082521
408.398024,7.082521
408.525053,7.082521
408.652082,7.082521
408.779111,7.082521
408.906140,7.082521
409.033169,7.082521
409.160198,7.082521
409.287227,7.082521
409.414255,7.082521
409.541284,7.082521
409.668313,7.082521
409.795342,7.082521
409.922371,7.082521
410.049400,7.082521
410.176429,7.082521
410.303458,7.082521
410.430487,7.082521
410.557516,7.082521
410.684545,7.082521
410.811574,7.082521
410.938603,7.082521
411.065632,7.082521
411.192661,7.082521
411.319689,7.082521
411.446718,7.082521
411.573747,7.082521
411.700776,7.082521
411.827805,7.082521
411.954834,7.082521
412.081863,7.082521
412.208892,7.082521
412.335921,7.082521
412.462950,7.082521
412.589979,7.082521
412.717008,7.082521
412.844037,7.082521
412.971066,7.082521
413.098095,7.082521
413.225124,7.082521
413.352152,7.082521
413.479181,7.082521
413.606210,7.082521
413.733239,7.082521
413.860268,7.082521
413.987297,7.082521
414.114326,7.082521
414.241355,7.082521
414.368384,7.082521
414.495413,7.082521
414.622442,7.082521
414.749471,7.082521
414.876500,7.082521
415.003529,7.082521
415.130558,7.082521
415.257586,7.082521
415.384615,7.082521
415.511644,7.082521
415.638673,7.082521
415.765702,7.082521
415.892731,7.082521
416.019760,7.082521
416.146789,7.082521
416.273818,7.082521
416.400847,7.082521
416.527876,7.082521
416.654905,7.082521
416.781934,7.082521
416.908963,7.082521
417.035992,7.082521
417.163020,7.082521
417.290049,7.082521
417.417078,7.082521
417.544107,7.082521
417.671136,7.082521
417.798165,7.082521
417.925194,7.082521
418.052223,7.082521
418.179252,7.082521
418.306281,7.082521
418.433310,7.082521
418.560339,7.082521
418.687368,7.082521
418.814397,7.082521
418.941426,7.082521
419.068454,7.082521
419.195483,7.082521
419.322512,7.082521
419.449541,7.082521
419.576570,7.082521
419.703599,7.082521
419.830628,7.082521
419.957657,7.082521
420.084686,7.082521
420.211715,7.082521
420.338744,7.082521
420.465773,7.082521
420.592802,7.082521
420.719831,7.082521
420.846860,7.082521
420.973888,7.082521
421.100917,7.082521
421.227946,7.082521
421.354975,7.082521
421.482004,7.082521
421.609033,7.082521
421.736062,7.082521
421.863091,7.082521
421.990120,7.082521
422.117149,7.082521
422.244178,7.082521
422.371207,7.082521
422.498236,7.082521
422.625265,7.082521
422.752294,7.082521
422.879323,7.082521
423.006351,7.082521
423.133380,7.082521
423.260409,7.082521
423.387438,7.082521
423.514467,7.082521
423.641496,7.082521
423.768525,7.082521
423.895554,7.082521
424.022583,7.082521
424.149612,7.082521
424.276641,7.082521
424.403670,7.082521
424.530699,7.082521
424.657728,7.082521
424.784757,7.082521
424.911785,7.082521
425.038814,7.082521
425.165843,7.082521
425.292872,7.082521
425.419901,7.082521
425.546930,7.082521
425.673959,7.082521
425.800988,7.082521
425.928017,7.082521
426.055046,7.082521
426.182075,7.082521
426.309104,7.082521
426.436133,7.082521
426.563162,7.082521
426.690191,7.082521
426.817219,7.082521
426.944248,7.082521
427.071277,7.082521
427.198306,7.082521
427.325335,7.082521
427.452364,7.082521
427.579393,7.082521
427.706422,7.082521
427.833451,7.082521
427.960480,7.082521
428.087509,7.082521
428.214538,7.082521
428.341567,7.082521
428.468596,7.082521
428.595625,7.082521
428.722653,7.082521
428.849682,7.082521
428.976711,7.082521
429.103740,7.082521
429.230769,7.082521
429.357798,7.082521
429.484827,6.952567
429.611856,6.952567
429.738885,7.017544
429.865914,7.082521
429.992943,7.082521
430.119972,7.082521
430.247001,7.082521
430.374030,7.082521
430.501059,7.082521
430.628088,7.082521
430.755116,7.082521
430.882145,7.082521
431.009174,7.082521
431.136203,7.082521
431.263232,7.082521
431.390261,7.082521
431.517290,7.277453
431.644319,7.342430
431.771348,7.537362
431.898377,7.602339
432.025406,7.797271
432.152435,7.862248
432.279464,7.862248
432.406493,7.862248
432.533522,7.862248
432.660550,7.862248
432.787579,7.862248
432.914608,7.862248
433.041637,7.862248
433.168666,7.862248
433.295695,7.862248
433.422724,7.862248
433.549753,7.862248
433.676782,7.862248
433.803811,7.862248
433.930840,7.862248
434.057869,7.862248
434.184898,7.862248
434.311927,7.862248
434.438956,7.862248
434.565984,7.862248
434.693013,7.862248
434.820042,7.862248
434.947071,7.862248
435.074100,7.862248
435.201129,7.862248
435.328158,7.862248
435.455187,7.862248
435.582216,7.862248
435.709245,7.862248
435.836274,7.862248
435.963303,7.862248
436.090332,7.862248
436.217361,7.862248
436.344390,7.862248
436.471418,7.862248
436.598447,7.862248
436.725476,7.862248
436.852505,7.862248
436.979534,7.862248
437.106563,7.862248
437.233592,7.862248
437.360621,7.862248
437.487650,7.862248
437.614679,7.862248
437.741708,7.862248
437.868737,7.862248
437.995766,7.862248
438.122795,7.862248
438.249824,7.862248
438.376853,7.862248
438.503881,7.862248
438.630910,7.862248
438.757939,7.862248
438.884968,7.862248
439.011997,7.862248
439.139026,7.862248
439.266055,7.862248
439.393084,7.862248
439.520113,7.862248
439.647142,7.862248
439.774171,7.862248
439.901200,7.862248
440.028229,7.862248
440.155258,7.862248
440.282287,7.862248
440.409315,7.862248
440.536344,7.862248
440.663373,7.862248
440.790402,7.862248
440.917431,7.862248
441.044460,7.862248
441.171489,7.862248
441.298518,7.862248
441.425547,7.862248
441.552576,7.862248
441.679605,7.862248
441.806634,7.862248
441.933663,7.862248
442.060692,7.862248
442.187721,7.862248
442.314749,7.862248
442.441778,7.862248
442.568807,7.862248
442.695836,7.862248
442.822865,7.862248
442.949894,7.862248
443.076923,7.862248
443.203952,7.862248
443.330981,7.862248
443.458010,7.862248
443.585039,7.862248
443.712068,7.862248
443.839097,7.862248
443.966126,7.862248
444.093155,7.862248
444.220183,7.862248
444.347212,7.862248
444.474241,7.862248
444.601270,7.862248
444.728299,7.862248
444.855328,7.862248
444.982357,7.862248
445.109386,7.862248
445.236415,7.862248
445.363444,7.862248
445.490473,7.862248
445.617502,7.862248
445.744531,7.862248
445.871560,7.862248
445.998589,7.862248
446.125618,7.862248
446.252646,7.862248
446.379675,7.862248
446.506704,7.862248
446.633733,7.862248
446.760762,7.862248
446.887791,7.862248
447.014820,7.862248
447.141849,7.862248
447.268878,7.862248
447.395907,7.862248
447.522936,7.862248
447.649965,7.862248
447.776994,7.862248
447.904023,7.862248
448.031052,7.862248
448.158080,7.862248
448.285109,7.862248
448.412138,7.862248
448.539167,7.862248
448.666196,7.862248
448.793225,7.862248
448.920254,7.862248
449.047283,7.862248
449.174312,7.862248
449.301341,7.862248
449.428370,7.862248
449.555399,7.862248
449.682428,7.862248
449.809457,7.862248
449.936486,7.862248
450.063514,7.862248
450.190543,7.862248
450.317572,7.862248
450.444601,7.862248
450.571630,7.862248
450.698659,7.862248
450.825688,7.862248
450.952717,7.862248
451.079746,7.862248
451.206775,7.862248
451.333804,7.862248
451.460833,7.862248
451.587862,7.862248
451.714891,7.862248
451.841920,7.862248
451.968948,7.862248
452.095977,7.862248
452.223006,7.862248
452.350035,7.862248
452.477064,7.862248
452.604093,7.862248
452.731122,7.862248
452.858151,7.862248
452.985180,7.862248
453.112209,7.862248
453.239238,7.862248
453.366267,7.862248
457.431193,7.732294
457.558222,7.732294
457.685251,7.732294
457.812279,7.732294
457.939308,7.732294
458.066337,7.732294
458.193366,7.732294
458.320395,7.732294
458.447424,7.732294
458.574453,7.732294
458.701482,7.732294
458.828511,7.732294
458.955540,7.732294
459.082569,7.732294
459.209598,7.732294
459.336627,7.732294
459.463656,7.732294
459.590685,8.122157
459.717713,8.122157
459.844742,8.122157
459.971771,8.122157
460.098800,8.122157
460.225829,8.122157
460.352858,8.122157
460.479887,8.122157
484.742414,8.252112
484.869442,8.252112
484.996471,8.252112
485.123500,8.252112
485.250529,8.252112
485.377558,8.252112
485.504587,8.252112
485.631616,8.252112
485.758645,8.252112
485.885674,8.252112
486.012703,8.122157
486.139732,8.122157
486.266761,8.122157
486.393790,8.122157
486.520819,8.122157
486.647848,8.122157
486.774876,8.122157
486.901905,8.122157
487.028934,8.122157
487.155963,8.122157
487.282992,8.122157
487.410021,8.122157
487.537050,8.122157
487.664079,8.122157
487.791108,8.122157
487.918137,8.122157
488.045166,8.122157
488.172195,8.122157
488.299224,8.122157
488.426253,8.122157
488.553282,8.122157
488.680311,8.122157
488.807339,8.122157
488.934368,8.122157
489.061397,8.122157
489.188426,8.122157
616.598447,10.786225
616.725476,10.786225
616.852505,10.916179
616.979534,10.916179
617.106563,10.916179
617.233592,10.916179
617.360621,10.916179
617.487650,10.916179
617.614679,10.916179
617.741708,10.916179
617.868737,10.916179
617.995766,10.916179
618.122795,10.786225
618.249824,10.786225
618.376853,10.786225
618.503881,10.786225
618.630910,10.786225
618.757939,10.786225
618.884968,10.786225
619.011997,10.786225
619.139026,10.786225
619.266055,10.786225
619.393084,10.916179
619.520113,10.916179
619.647142,10.916179
619.774171,10.916179
619.901200,10.916179
620.028229,10.916179
620.155258,10.916179
620.282287,10.916179
647.847565,10.786225
647.974594,10.786225
648.101623,10.786225
648.228652,10.786225
648.355681,10.786225
648.482710,10.786225
648.609739,10.786225
648.736768,10.786225
648.863797,10.786225
648.990826,10.786225
649.117855,10.786225
649.244884,10.786225
649.371912,10.786225
649.498941,10.786225
650.134086,10.786225
650.261115,10.786225
650.388144,10.786225
650.515173,10.786225
650.642202,10.786225
650.769231,10.786225
650.896260,10.786225
651.023289,10.786225
651.150318,10.786225
651.277347,10.786225
651.404375,10.786225
651.531404,10.786225
651.658433,10.786225
651.785462,10.786225
651.912491,10.786225
652.039520,10.786225
652.166549,10.786225
652.293578,10.786225
652.420607,10.786225
652.547636,10.786225
652.674665,10.786225
652.801694,10.786225
652.928723,10.786225
653.055752,10.786225
653.182781,10.786225
653.309809,10.786225
653.436838,10.786225
653.563867,10.786225
653.690896,10.786225
653.817925,10.786225
653.944954,10.786225
654.071983,10.786225
654.199012,10.786225
654.326041,10.786225
654.453070,10.786225
654.580099,10.786225
654.707128,10.786225
654.834157,10.786225
654.961186,10.786225
655.088215,10.786225
655.215243,10.786225
655.342272,10.786225
655.977417,10.786225
656.104446,10.786225
656.231475,10.786225
656.358504,10.786225
656.485533,10.786225
656.612562,10.786225
656.739591,10.786225
656.866620,10.786225
656.993649,10.786225
657.120677,10.786225
657.247706,10.786225
657.374735,10.786225
657.501764,10.786225
657.628793,10.786225
657.755822,10.786225
657.882851,10.786225
658.009880,10.786225
658.136909,10.786225
658.263938,10.786225
658.390967,10.786225
658.517996,10.786225
658.645025,10.786225
658.772054,10.786225
658.899083,10.786225
659.026112,10.786225
659.153140,10.786225
659.280169,10.786225
659.407198,10.786225
659.534227,10.786225
659.661256,10.786225
659.788285,10.786225
659.915314,10.786225
660.042343,10.786225
660.169372,10.786225
660.296401,10.786225
660.423430,10.786225
660.550459,10.786225
660.677488,10.786225
660.804517,10.786225
660.931546,10.786225
661.058574,10.786225
661.185603,10.786225
710.853917,10.851202
710.980946,10.851202
711.107975,10.851202
711.235004,10.851202
711.362032,10.851202
711.489061,10.851202
711.616090,10.851202
711.743119,10.851202
711.870148,10.851202
711.997177,10.851202
712.124206,10.851202
712.251235,10.851202
712.378264,10.851202
712.505293,10.851202
712.632322,10.851202
712.759351,10.851202
712.886380,10.851202
713.013409,10.851202
713.140438,10.851202
713.267466,10.851202
713.394495,10.851202
713.521524,10.851202
713.648553,10.851202
713.775582,10.851202
713.902611,10.851202
714.029640,10.851202
714.156669,10.851202
714.283698,10.851202
714.410727,10.851202
714.537756,10.851202
714.664785,10.851202
714.791814,10.851202
714.918843,10.851202
715.045872,10.851202
715.172900,10.851202
715.299929,10.851202
715.426958,10.851202
715.553987,10.851202
715.681016,10.851202
715.808045,10.851202
715.935074,10.851202
716.062103,10.851202
716.189132,10.851202
716.316161,10.851202
716.443190,10.851202
716.570219,10.851202
716.697248,10.851202
716.824277,10.851202
716.951306,10.851202
717.078335,10.851202
717.205363,10.851202
717.332392,10.851202
717.459421,10.851202
717.586450,10.851202
717.713479,10.851202
717.840508,10.851202
717.967537,10.851202
718.094566,10.851202
718.221595,10.851202
718.348624,10.851202
718.475653,10.851202
718.602682,10.851202
718.729711,10.851202
718.856740,10.851202
718.983769,10.721248
719.110797,10.721248
719.237826,10.721248
719.364855,10.721248
719.491884,10.981157
719.618913,10.981157
719.745942,11.371020
719.872971,11.371020
720.000000,11.630929
720.127029,11.630929
720.254058,12.150747
720.381087,12.150747
720.508116,13.190383
720.635145,13.190383
720.762174,13.645224
720.889203,13.710201
721.016231,14.035088
721.143260,14.100065
721.270289,15.399610
721.397318,16.049383
721.524347,16.049383
721.651376,16.439246
721.778405,16.439246
721.905434,16.959064
722.032463,16.959064
722.159492,17.348928
722.286521,17.348928
722.413550,18.128655
722.540579,18.128655
722.667608,18.128655
722.794637,18.128655
722.921665,18.128655
723.048694,18.128655
723.175723,18.128655
723.302752,18.128655
724.446013,18.388564
724.573042,18.388564
724.700071,18.388564
724.827100,18.388564
724.954128,18.388564
725.081157,18.388564
725.208186,18.388564
725.335215,18.388564
725.462244,17.868746
725.589273,17.868746
725.716302,17.478882
725.843331,17.478882
725.970360,17.089019
726.097389,17.089019
726.224418,16.439246
726.351447,16.374269
726.478476,15.139701
726.605505,14.619883
726.732534,14.619883
726.859562,14.230019
726.986591,14.230019
727.113620,14.100065
727.240649,14.100065
727.367678,12.930474
727.494707,12.930474
727.621736,12.410656
727.748765,12.410656
727.875794,12.280702
728.002823,12.280702
728.129852,12.150747
728.256881,12.150747
728.383910,11.371020
728.510939,11.371020
728.637968,11.111111
728.764996,11.111111
728.892025,10.721248
729.019054,10.721248
749.978829,8.252112
750.105857,8.252112
750.232886,8.252112
750.359915,8.252112
750.486944,8.252112
750.613973,8.252112
750.741002,8.252112
750.868031,8.252112
750.995060,8.252112
751.122089,8.252112
751.249118,8.252112
751.376147,8.252112
751.503176,7.862248
751.630205,7.862248
751.757234,7.602339
751.884263,7.602339
752.011291,7.082521
752.138320,7.082521
752.265349,6.822612
752.392378,6.822612
752.519407,6.822612
752.646436,6.822612
752.773465,6.822612
752.900494,6.822612
753.027523,6.822612
753.154552,6.822612
753.281581,6.822612
753.408610,6.822612
753.535639,6.822612
753.662668,6.822612
753.789697,6.822612
753.916725,6.822612
754.043754,6.822612
754.170783,6.822612
754.297812,6.952567
754.424841,6.952567
754.551870,7.212476
754.678899,7.212476
754.805928,7.472385
754.932957,7.472385
755.059986,7.602339
755.187015,7.602339
755.314044,7.602339
755.441073,7.602339
755.568102,7.602339
755.695131,7.602339
755.822159,7.602339
755.949188,7.602339
756.076217,7.602339
756.203246,7.602339
756.330275,7.602339
756.457304,7.602339
756.584333,7.732294
756.711362,7.732294
756.838391,7.732294
756.965420,7.732294
757.092449,7.732294
757.219478,7.732294
757.346507,7.732294
757.473536,7.732294
757.600565,7.732294
757.727594,7.732294
757.854622,7.732294
757.981651,7.732294
758.108680,7.732294
758.235709,7.732294
758.362738,7.732294
758.489767,7.732294
758.616796,7.732294
758.743825,7.732294
758.870854,7.732294
758.997883,7.732294
759.124912,7.732294
759.251941,7.732294
759.378970,7.602339
759.505999,7.602339
759.633028,6.822612
759.760056,6.822612
759.887085,6.822612
760.014114,6.822612
760.141143,6.822612
760.268172,6.822612
760.395201,6.822612
760.522230,6.822612
760.649259,6.822612
760.776288,6.822612
760.903317,6.822612
761.030346,6.822612
761.157375,6.822612
761.284404,6.822612
761.411433,6.822612
761.538462,6.822612
761.665490,6.822612
761.792519,6.822612
761.919548,6.822612
762.046577,6.822612
762.173606,6.822612
762.300635,6.822612
762.427664,7.342430
762.554693,7.342430
762.681722,7.602339
762.808751,7.602339
762.935780,7.732294
763.062809,7.732294
763.189838,7.992203
763.316867,7.992203
763.443896,8.252112
763.570924,8.252112
763.697953,8.252112
763.824982,8.252112
763.952011,8.252112
764.079040,8.252112
764.206069,8.252112
764.333098,8.252112
764.460127,8.252112
764.587156,8.252112
773.098095,10.851202
773.225124,10.851202
773.352152,11.500975
773.479181,11.500975
773.606210,12.020793
773.733239,12.020793
773.860268,12.800520
773.987297,12.800520
774.114326,13.190383
774.241355,13.190383
774.368384,13.450292
774.495413,13.450292
774.622442,13.840156
774.749471,13.840156
774.876500,14.100065
775.003529,14.100065
775.130558,14.359974
775.257586,14.359974
775.384615,14.749838
775.511644,14.749838
775.638673,15.009747
775.765702,15.009747
775.892731,15.009747
776.019760,15.009747
776.146789,15.009747
776.273818,15.009747
776.400847,15.009747
776.527876,14.879792
776.654905,14.424951
776.781934,14.359974
776.908963,14.294997
777.035992,14.230019
777.163020,14.230019
777.290049,14.230019
777.417078,14.230019
777.544107,14.230019
777.671136,14.230019
777.798165,14.230019
777.925194,14.230019
778.052223,14.230019
778.179252,14.230019
778.306281,14.230019
778.433310,14.230019
778.560339,14.230019
778.687368,14.230019
778.814397,14.230019
778.941426,14.230019
779.068454,14.230019
779.195483,14.230019
779.322512,14.230019
779.449541,14.230019
779.576570,14.230019
779.703599,14.230019
779.830628,14.230019
779.957657,14.230019
780.084686,14.230019
780.211715,14.230019
780.338744,14.230019
780.465773,14.230019
780.592802,14.230019
780.719831,14.230019
780.846860,14.230019
780.973888,14.230019
781.100917,14.230019
781.227946,14.230019
781.354975,14.230019
781.482004,14.230019
781.609033,14.230019
781.736062,14.230019
781.863091,14.230019
781.990120,14.230019
782.117149,14.230019
782.244178,14.230019
782.371207,14.230019
782.498236,14.230019
782.625265,14.230019
782.752294,14.230019
782.879323,14.230019
783.006351,14.230019
783.133380,14.230019
783.260409,14.230019
783.387438,14.230019
783.514467,14.230019
783.641496,14.230019
783.768525,14.230019
783.895554,14.230019
784.022583,14.230019
784.149612,14.230019
784.276641,14.230019
784.403670,14.230019
784.530699,14.230019
784.657728,14.230019
784.784757,14.230019
784.911785,14.230019
785.038814,14.230019
785.165843,14.230019
785.292872,14.230019
785.419901,14.230019
785.546930,14.230019
785.673959,14.230019
785.800988,14.230019
785.928017,14.230019
786.055046,14.230019
786.182075,14.230019
786.309104,14.230019
786.436133,14.230019
786.563162,14.230019
786.690191,14.230019
786.817219,14.230019
786.944248,14.230019
787.071277,14.230019
787.198306,14.230019
787.325335,14.230019
787.452364,14.230019
787.579393,14.230019
787.706422,14.230019
787.833451,14.230019
787.960480,14.230019
788.087509,14.230019
788.214538,14.230019
788.341567,14.230019
788.468596,14.230019
788.595625,14.230019
788.722653,14.230019
788.849682,14.230019
788.976711,14.230019
789.103740,14.230019
789.230769,14.230019
789.357798,14.230019
789.484827,14.230019
789.611856,14.230019
789.738885,14.230019
789.865914,14.230019
789.992943,14.230019
790.119972,14.230019
790.247001,14.230019
790.374030,14.230019
790.501059,14.230019
790.628088,14.230019
790.755116,14.230019
790.882145,14.230019
791.009174,14.230019
791.136203,14.230019
791.263232,14.230019
791.390261,14.230019
791.517290,14.230019
791.644319,14.230019
791.771348,14.230019
791.898377,14.230019
792.025406,14.230019
792.152435,14.230019
792.279464,14.230019
792.406493,14.035088
792.533522,13.970110
792.660550,13.645224
792.787579,13.580247
792.914608,13.385315
793.041637,13.320338
793.168666,13.125406
793.295695,13.060429
793.422724,13.060429
793.549753,13.060429
793.676782,13.060429
793.803811,13.060429
793.930840,13.060429
794.057869,13.060429
794.184898,13.060429
794.311927,13.060429
794.438956,13.060429
794.565984,13.060429
794.693013,13.060429
794.820042,13.060429
794.947071,13.060429
795.074100,13.060429
795.201129,13.060429
795.328158,13.060429
795.455187,13.060429
795.582216,13.060429
795.709245,13.060429
795.836274,13.060429
795.963303,13.060429
796.090332,13.060429
796.217361,13.060429
796.344390,13.060429
800.409315,11.890838
800.536344,11.890838
800.663373,11.890838
800.790402,11.890838
800.917431,11.890838
801.044460,11.890838
801.171489,11.890838
801.298518,11.890838
801.425547,11.890838
801.552576,11.890838
801.679605,11.890838
801.806634,11.890838
801.933663,11.890838
802.060692,11.890838
802.187721,11.890838
802.314749,11.890838
802.441778,11.890838
802.568807,11.890838
802.695836,11.890838
802.822865,11.890838
802.949894,11.890838
803.076923,11.890838
803.203952,11.890838
803.330981,11.890838
803.458010,11.890838
803.585039,11.630929
803.712068,11.630929
803.839097,11.241066
803.966126,11.241066
804.093155,11.111111
804.220183,11.111111
804.347212,11.111111
804.474241,11.111111
804.601270,11.111111
804.728299,11.111111
804.855328,11.111111
804.982357,11.111111
805.109386,11.241066
805.236415,11.241066
805.363444,11.241066
805.490473,11.241066
805.617502,11.241066
805.744531,11.241066
805.871560,11.241066
805.998589,11.241066
806.125618,11.241066
806.252646,11.241066
806.379675,11.241066
806.506704,11.241066
806.633733,11.111111
806.760762,11.111111
806.887791,11.111111
807.014820,11.111111
807.141849,11.111111
807.268878,11.111111
807.395907,11.241066
807.522936,11.241066
807.649965,11.241066
807.776994,11.241066
807.904023,11.241066
808.031052,11.241066
808.158080,11.241066
808.285109,11.241066
808.412138,11.241066
808.539167,11.241066
808.666196,11.241066
808.793225,11.241066
808.920254,11.241066
809.047283,11.241066
809.174312,11.241066
809.301341,11.241066
809.428370,11.241066
809.555399,11.241066
809.682428,11.241066
809.809457,11.241066
809.936486,11.241066
810.063514,11.241066
810.190543,11.241066
810.317572,11.241066
810.444601,11.241066
810.571630,11.241066
810.698659,11.241066
810.825688,11.241066
810.952717,11.241066
811.079746,11.241066
811.206775,11.241066
811.333804,11.241066
811.460833,11.241066
811.587862,11.241066
811.714891,11.241066
811.841920,11.241066
811.968948,11.241066
812.095977,11.241066
812.223006,11.241066
812.350035,11.241066
812.477064,11.111111
812.604093,11.111111
812.731122,11.241066
812.858151,11.241066
812.985180,11.241066
813.112209,11.241066
813.239238,11.241066
813.366267,11.241066
813.493296,11.241066
813.620325,11.241066
813.747354,11.111111
813.874382,11.111111
814.001411,11.111111
814.128440,11.111111
814.255469,11.241066
814.382498,11.241066
814.509527,11.241066
814.636556,11.241066
814.763585,11.241066
814.890614,11.241066
815.017643,11.241066
815.144672,11.241066
815.271701,11.241066
815.398730,11.241066
815.525759,11.241066
815.652788,11.241066
815.779817,11.241066
815.906845,11.241066
816.033874,11.241066
816.160903,11.241066
816.287932,11.241066
816.414961,11.241066
816.541990,11.111111
816.669019,11.111111
816.796048,11.760884
816.923077,11.760884
817.050106,12.020793
817.177135,12.020793
817.304164,12.020793
817.431193,12.020793
817.558222,12.020793
817.685251,12.020793
817.812279,12.020793
817.939308,12.020793
818.066337,12.020793
818.193366,12.020793
818.320395,12.020793
818.447424,12.020793
818.574453,12.020793
818.701482,12.020793
818.828511,12.020793
818.955540,12.020793
819.082569,12.020793
819.209598,12.020793
819.336627,12.020793
819.463656,12.020793
819.590685,12.020793
819.717713,12.020793
819.844742,11.955815
819.971771,11.890838
820.098800,11.565952
820.225829,11.500975
820.352858,11.306043
820.479887,11.241066
820.606916,11.241066
820.733945,11.241066
820.860974,11.241066
820.988003,11.241066
821.115032,11.241066
821.242061,11.241066
821.369090,11.241066
821.496119,11.241066
821.623147,11.241066
821.750176,11.241066
821.877205,11.241066
822.004234,11.241066
822.131263,11.176088
822.258292,11.111111
822.385321,11.241066
822.512350,11.241066
822.639379,11.241066
822.766408,11.241066
822.893437,11.241066
823.020466,11.241066
823.147495,11.241066
823.274524,11.241066
823.401553,11.241066
823.528582,11.241066
823.655610,11.176088
823.782639,11.111111
823.909668,11.111111
824.036697,11.111111
824.163726,11.241066
824.290755,11.241066
824.417784,11.241066
824.544813,11.241066
824.671842,11.241066
824.798871,11.241066
824.925900,11.241066
825.052929,11.241066
825.179958,11.241066
825.306987,11.241066
825.434016,11.241066
825.561044,11.241066
825.688073,11.241066
825.815102,11.241066
825.942131,11.241066
826.069160,11.241066
826.196189,11.241066
826.323218,11.241066
826.450247,11.241066
826.577276,11.241066
826.704305,11.241066
826.831334,11.241066
826.958363,11.241066
827.085392,11.241066
827.212421,11.241066
827.339450,11.241066
827.466478,11.241066
827.593507,11.241066
827.720536,11.241066
827.847565,11.241066
827.974594,11.241066
828.101623,11.241066
828.228652,11.241066
828.355681,11.241066
828.482710,11.241066
828.609739,11.241066
828.736768,11.241066
828.863797,11.241066
828.990826,11.241066
829.117855,11.241066
829.244884,11.241066
829.371912,11.241066
829.498941,11.241066
829.625970,11.241066
829.752999,11.241066
829.880028,11.241066
830.007057,11.241066
830.134086,11.241066
830.261115,11.241066
830.388144,11.241066
830.515173,11.241066
830.642202,11.241066
830.769231,11.241066
830.896260,11.241066
831.023289,11.241066
831.150318,11.241066
831.277347,11.241066
831.404375,11.241066
831.531404,11.241066
831.658433,11.241066
831.785462,11.241066
831.912491,11.241066
832.039520,11.176088
832.166549,11.111111
832.293578,11.111111
832.420607,11.111111
832.547636,11.111111
832.674665,11.111111
832.801694,11.111111
832.928723,11.111111
833.055752,11.111111
833.182781,11.111111
833.309809,11.046134
833.436838,11.046134
843.726182,10.721248
843.853211,10.786225
843.980240,10.786225
844.107269,10.786225
844.234298,10.786225
844.361327,10.786225
844.488356,10.786225
844.615385,10.786225
844.742414,10.786225
844.869442,10.786225
844.996471,10.786225
845.123500,10.786225
845.250529,10.786225
845.377558,10.786225
845.504587,10.786225
845.631616,10.786225
845.758645,10.786225
845.885674,10.786225
846.012703,10.786225
846.139732,10.786225
846.266761,10.786225
846.393790,10.786225
846.520819,10.786225
846.647848,10.786225
846.774876,10.786225
846.901905,10.786225
847.028934,10.786225
847.155963,10.786225
847.282992,10.786225
847.410021,10.786225
847.537050,10.786225
847.664079,10.786225
847.791108,10.786225
847.918137,10.786225
848.045166,10.786225
848.172195,10.786225
848.299224,10.786225
848.426253,10.786225
848.553282,10.786225
848.680311,10.786225
848.807339,10.786225
848.934368,10.786225
849.061397,10.786225
849.188426,10.786225
849.315455,10.786225
849.442484,10.786225
849.569513,10.786225
849.696542,10.786225
849.823571,10.786225
849.950600,10.786225
850.077629,10.786225
850.204658,10.786225
850.331687,10.786225
850.458716,10.786225
850.585745,10.786225
850.712773,10.786225
850.839802,10.786225
850.966831,10.786225
851.093860,10.786225
851.220889,10.786225
851.347918,10.786225
851.474947,10.786225
851.601976,10.786225
851.729005,10.786225
851.856034,10.786225
851.983063,10.786225
852.110092,10.786225
852.237121,10.786225
852.364150,10.786225
852.491179,10.786225
852.618207,10.786225
852.745236,10.786225
852.872265,10.786225
852.999294,10.786225
853.126323,10.786225
853.253352,10.786225
853.380381,10.786225
853.507410,10.786225
853.634439,10.786225
853.761468,10.786225
853.888497,10.786225
854.015526,10.786225
854.142555,10.786225
854.269584,10.786225
854.396613,10.786225
854.523641,10.786225
854.650670,10.786225
854.777699,10.786225
858.842625,10.786225
858.969654,10.786225
859.096683,10.786225
859.223712,10.786225
859.350741,10.786225
859.477770,10.786225
859.604799,10.786225
859.731828,10.786225
859.858857,10.786225
859.985886,10.786225
860.112915,10.786225
860.494001,10.786225
860.621030,10.786225
860.748059,10.786225
860.875088,10.786225
861.002117,10.786225
861.129146,10.786225
861.256175,10.786225
861.383204,10.786225
861.510233,10.786225
861.637262,10.786225
861.764291,10.786225
861.891320,10.786225
862.018349,10.786225
862.145378,10.786225
862.272406,10.786225
862.399435,10.786225
862.526464,10.786225
862.653493,10.786225
862.780522,10.786225
862.907551,10.786225
863.034580,10.786225
863.161609,10.786225
863.288638,10.786225
863.415667,10.786225
863.542696,10.786225
863.669725,10.786225
863.796754,10.786225
863.923783,10.786225
864.050812,10.786225
864.177841,10.786225
864.304869,10.786225
864.431898,10.786225
864.558927,10.786225
864.685956,10.786225
864.812985,10.786225
864.940014,10.786225
865.067043,10.786225
865.194072,10.786225
865.321101,10.786225
865.448130,10.786225
865.575159,10.786225
865.702188,10.786225
865.829217,10.786225
865.956246,10.786225
866.083275,10.786225
866.210303,10.786225
866.337332,10.786225
866.464361,10.786225
866.591390,10.786225
866.718419,10.786225
866.845448,10.786225
866.972477,10.786225
867.099506,10.786225
867.226535,10.786225
867.861680,10.786225
867.988709,10.786225
868.115737,10.786225
868.242766,10.786225
868.369795,10.786225
868.496824,10.786225
868.623853,10.786225
868.750882,10.786225
868.877911,10.786225
869.004940,10.786225
869.131969,10.786225
869.258998,10.786225
869.386027,10.786225
869.513056,10.786225
869.640085,10.786225
869.767114,10.786225
869.894143,10.786225
870.021171,10.786225
870.148200,10.786225
870.275229,10.786225
870.402258,10.786225
870.529287,10.786225
870.656316,10.786225
870.783345,10.786225
870.910374,10.786225
871.037403,10.786225
871.164432,10.786225
871.291461,10.786225
871.418490,10.786225
871.545519,10.786225
871.672548,10.786225
871.799577,10.786225
871.926606,10.786225
872.053634,10.786225
872.180663,10.786225
872.307692,10.786225
872.434721,10.786225
872.561750,10.786225
872.688779,10.786225
872.815808,10.786225
872.942837,10.786225
873.069866,10.786225
873.196895,10.786225
873.323924,10.786225
873.450953,10.786225
873.577982,10.786225
873.705011,10.786225
873.832040,10.786225
873.959068,10.786225
874.086097,10.786225
